image: track.png
resolution: 0.043067349137931 # 79.933 blender units (m) / 1856 image (px)
origin: [ 72.1808772, 39.9665, 3.14 ]
negate: 0
occupied_thresh: 0.65
free_thresh: 0.196